1 53 26 A
2 24 37 B
3 1 92 B
4 19 92 A
5 13 27 A
6 0 13 B
7 3 47 A
8 3 4 B
9 16 77 A
10 29 82 A
11 2 17 A
12 15 73 A
13 6 12 A
14 2 100 B
15 43 53 A
16 34 26 B
17 11 79 B
18 2 20 B
19 47 87 A
20 18 1 B
21 68 11 B
22 14 22 B
23 2 19 B
24 77 77 A
25 19 82 B
26 2 56 B
27 55 70 A
28 50 89 B
29 0 49 A
30 94 92 B
31 21 33 B
32 7 38 A
33 13 47 B
34 27 50 B
35 37 85 A
36 5 54 B
37 13 51 A
38 23 39 B
39 17 70 B
40 14 54 A
41 41 14 B
42 3 87 B
43 24 88 B
44 5 54 A
45 12 18 A
46 19 67 B
47 40 32 B
48 32 30 B
49 29 2 A
50 57 91 A
51 6 48 B
52 46 96 B
53 4 36 B
54 47 52 A
55 52 54 A
56 3 49 A
57 15 100 A
58 58 34 A
59 59 53 B
60 25 42 A
61 65 100 A
62 20 80 A
63 20 55 B
64 32 57 B
65 1 62 A
66 22 76 A
67 41 11 A
68 25 68 B
69 0 19 B
70 6 91 B
71 17 46 B
72 44 56 B
73 18 93 A
74 20 41 A
75 3 90 A
76 58 61 A
77 32 97 A
78 21 19 A
79 25 39 A
80 24 17 A
81 101 19 B
82 7 14 B
83 29 97 A
84 41 62 B
85 26 46 B
86 33 59 A
87 13 84 A
88 1 20 A
89 1 20 A
90 4 95 B
91 2 45 A
92 7 61 A
93 4 89 B
94 17 50 B
95 25 65 A
96 6 71 B
97 14 96 A
98 34 90 A
99 3 49 A
100 4 75 B
