1 107 98 10 B
2 16 62 10 B
3 23 176 10 A
4 68 176 10 A
5 72 144 10 A
6 218 39 10 B
7 40 184 10 A
8 38 62 10 B
9 11 150 10 A
10 110 120 10 A
11 159 188 10 A
12 39 72 10 B
13 54 41 10 B
14 48 70 10 A
15 83 59 10 B
16 61 67 10 B
17 19 93 10 B
18 40 62 10 B
19 52 180 10 A
20 2 72 10 B
21 147 116 10 A
22 38 146 10 A
23 8 46 10 A
24 45 89 10 B
25 6 48 10 A
26 67 26 10 A
27 88 56 10 B
28 193 24 10 B
29 70 16 10 B
30 565 5 10 B
31 52 7 10 B
32 23 174 10 A
33 97 172 10 A
34 3 67 10 B
35 61 21 10 B
36 123 21 10 B
37 131 130 10 A
38 113 17 10 B
39 10 97 10 B
40 123 68 10 A
41 160 54 10 A
42 76 61 10 B
43 191 156 10 A
44 121 12 10 A
45 113 164 10 A
46 22 63 10 B
47 32 154 10 A
48 75 1 10 B
49 21 73 10 B
50 66 4 10 A
51 180 44 10 B
52 8 150 10 A
53 24 88 10 A
54 18 56 10 A
55 17 24 10 A
56 26 22 10 B
57 1 48 10 A
58 3 100 10 A
59 70 182 10 A
60 31 58 10 A
61 321 62 10 B
62 169 108 10 A
63 69 79 10 B
64 46 52 10 B
65 92 56 10 A
66 208 11 10 B
67 12 35 10 B
68 3 78 10 A
69 370 8 10 B
70 257 99 10 B
71 14 70 10 A
72 14 11 10 B
73 27 96 10 B
74 156 10 10 A
75 41 97 10 B
76 157 170 10 A
77 197 82 10 B
78 101 52 10 A
79 66 42 10 B
80 89 60 10 A
81 14 50 10 A
82 177 66 10 B
83 145 58 10 B
84 112 62 10 B
85 19 126 10 A
86 104 3 10 B
87 129 48 10 A
88 245 106 10 A
89 18 48 10 A
90 66 92 10 A
91 246 74 10 A
92 16 35 10 B
93 45 118 10 A
94 193 154 10 A
95 195 16 10 B
96 17 90 10 B
97 300 104 10 A
98 183 27 10 B
99 367 180 10 A
100 84 41 10 B
