1 15 18 80 A
2 3 7 80 B
3 6 6 80 B
4 24 2 80 B
5 4 9 80 B
6 2 6 80 B
7 17 5 80 B
8 13 3 80 B
9 29 6 80 B
10 1 3 80 B
11 2 2 80 B
12 14 6 80 B
13 3 6 80 B
14 0 6 80 B
15 34 1 80 B
16 2 4 80 B
17 9 4 80 B
18 28 7 80 B
19 30 8 80 B
20 8 10 80 B
21 5 9 80 B
22 16 4 80 B
23 3 12 80 A
24 3 2 80 B
25 6 3 80 B
26 7 8 80 B
27 0 5 80 B
28 5 3 80 B
29 23 7 80 B
30 5 16 80 A
31 9 3 80 B
32 12 4 80 B
33 0 3 80 B
34 14 5 80 B
35 4 4 80 B
36 3 8 80 A
37 13 5 80 B
38 27 9 80 B
39 8 8 80 B
40 18 2 80 B
41 3 2 80 B
42 30 7 80 B
43 0 3 80 B
44 30 5 80 B
45 2 12 80 A
46 4 6 80 B
47 31 7 80 B
48 4 1 80 B
49 35 1 80 B
50 12 6 80 B
51 4 8 80 B
52 6 9 80 B
53 1 9 80 B
54 18 3 80 B
55 3 3 80 B
56 16 3 80 B
57 27 1 80 B
58 3 2 80 B
59 1 3 80 B
60 11 7 80 B
61 0 6 80 B
62 4 1 80 B
63 4 5 80 B
64 13 9 80 B
65 16 1 80 B
66 4 16 80 A
67 1 8 80 B
68 17 10 80 B
69 4 1 80 B
70 0 10 80 B
71 32 3 80 B
72 17 18 80 A
73 0 9 80 B
74 5 5 80 B
75 36 6 80 B
76 5 8 80 B
77 17 4 80 B
78 28 4 80 A
79 27 4 80 B
80 35 7 80 B
81 19 4 80 B
82 4 9 80 B
83 0 9 80 B
84 3 1 80 B
85 7 2 80 B
86 9 12 80 A
87 5 6 80 B
88 6 2 80 B
89 6 3 80 B
90 12 8 80 B
91 29 6 80 B
92 16 1 80 B
93 13 1 80 B
94 1 10 80 B
95 0 18 80 A
96 12 9 80 B
97 0 2 80 B
98 10 9 80 B
99 2 1 80 B
100 41 5 80 B
101 6 6 80 B
102 18 10 80 B
103 2 5 80 B
104 7 4 80 B
105 10 10 80 B
106 10 8 80 B
107 22 8 80 B
108 2 3 80 B
109 8 6 80 A
110 34 8 80 B
111 12 3 80 B
112 0 2 80 B
113 45 4 80 B
114 30 6 80 B
115 0 1 80 B
116 12 1 80 B
117 27 1 80 B
118 2 10 80 B
119 7 5 80 B
120 6 9 80 B
121 5 20 80 A
122 7 9 80 B
123 9 7 80 B
124 4 3 80 B
125 10 1 80 B
126 9 7 80 B
127 8 9 80 B
128 29 7 80 B
129 23 9 80 B
130 5 9 80 B
131 22 8 80 B
132 6 8 80 B
133 11 16 80 A
134 13 8 80 B
135 33 3 80 B
136 0 8 80 B
137 18 2 80 B
138 1 10 80 B
139 0 2 80 B
140 30 8 80 B
141 7 10 80 B
142 16 5 80 B
143 9 10 80 B
144 0 3 80 B
145 21 5 80 B
146 5 6 80 B
147 8 2 80 B
148 27 10 80 B
149 1 8 80 B
150 1 3 80 B
151 0 4 80 A
152 11 2 80 A
153 56 12 80 A
154 8 7 80 B
155 9 14 80 A
156 1 8 80 B
157 10 1 80 B
158 22 4 80 B
159 8 7 80 B
160 0 3 80 B
161 11 1 80 B
162 8 10 80 A
163 0 1 80 B
164 2 12 80 A
165 22 5 80 B
166 4 5 80 B
167 6 10 80 B
168 43 1 80 B
169 2 6 80 B
170 9 2 80 B
171 12 9 80 B
172 38 7 80 B
173 11 12 80 A
174 15 3 80 B
175 1 5 80 B
176 2 2 80 B
177 20 3 80 B
178 8 4 80 B
179 39 3 80 B
180 2 5 80 B
181 3 6 80 B
182 41 10 80 B
183 0 3 80 B
184 14 1 80 B
185 17 2 80 B
186 15 14 80 A
187 18 9 80 B
188 0 5 80 B
189 1 1 80 B
190 0 2 80 B
191 5 2 80 B
192 9 5 80 B
193 10 9 80 B
194 8 4 80 B
195 2 3 80 B
196 5 10 80 B
197 5 6 80 B
198 30 10 80 B
199 0 4 80 B
200 1 10 80 B
201 1 2 80 B
202 1 9 80 B
203 13 10 80 B
204 8 9 80 B
205 8 10 80 B
206 26 8 80 B
207 0 7 80 B
208 1 18 80 A
209 1 3 80 B
210 32 4 80 B
211 6 8 80 A
212 9 6 80 B
213 34 7 80 B
214 12 9 80 B
215 5 4 80 B
216 28 6 80 B
217 4 6 80 B
218 9 6 80 A
219 18 10 80 B
220 17 1 80 B
221 10 5 80 B
222 28 7 80 B
223 7 12 80 A
224 1 10 80 B
225 21 9 80 B
226 8 2 80 B
227 17 9 80 B
228 1 3 80 B
229 9 10 80 B
230 1 8 80 B
231 28 16 80 A
232 9 8 80 B
233 1 4 80 B
234 14 10 80 B
235 11 3 80 B
236 4 5 80 B
237 12 6 80 B
238 16 1 80 B
239 17 8 80 B
240 3 3 80 B
241 7 2 80 B
242 7 12 80 A
243 16 3 80 B
244 6 5 80 B
245 3 3 80 B
246 12 9 80 B
247 1 10 80 B
248 3 1 80 B
249 2 8 80 B
250 3 4 80 A
251 8 8 80 B
252 34 7 80 B
253 8 9 80 B
254 7 9 80 B
255 48 10 80 B
256 25 7 80 B
257 6 4 80 A
258 2 9 80 B
259 14 2 80 B
260 7 7 80 B
261 3 2 80 B
262 10 4 80 B
263 1 9 80 B
264 11 4 80 B
265 5 5 80 B
266 7 16 80 A
267 7 5 80 B
268 1 5 80 B
269 17 9 80 B
270 7 8 80 B
271 6 10 80 B
272 28 2 80 A
273 12 8 80 B
274 20 5 80 B
275 9 2 80 B
276 31 9 80 B
277 9 8 80 B
278 18 7 80 B
279 33 4 80 B
280 1 8 80 B
281 29 7 80 B
282 14 1 80 B
283 45 2 80 B
284 2 3 80 B
285 17 2 80 B
286 16 10 80 B
287 0 4 80 B
288 20 4 80 B
289 17 3 80 B
290 4 8 80 B
291 27 7 80 B
292 0 10 80 B
293 5 5 80 B
294 42 10 80 B
295 4 6 80 A
296 7 7 80 B
297 0 7 80 B
298 2 10 80 B
299 12 10 80 B
300 13 3 80 B
301 4 18 80 A
302 4 10 80 B
303 1 5 80 B
304 2 9 80 B
305 0 6 80 B
306 1 5 80 B
307 14 1 80 B
308 51 1 80 B
309 23 7 80 B
310 12 16 80 A
311 18 10 80 B
312 8 9 80 B
313 3 18 80 A
314 12 2 80 B
315 25 10 80 B
316 9 3 80 B
317 6 16 80 A
318 1 7 80 B
319 0 4 80 B
320 24 10 80 B
321 6 9 80 B
322 13 10 80 B
323 5 2 80 B
324 6 14 80 A
325 2 2 80 B
326 3 1 80 B
327 10 8 80 B
328 12 4 80 B
329 16 3 80 B
330 21 10 80 B
331 0 3 80 B
332 31 3 80 B
333 6 5 80 B
334 0 12 80 A
335 8 4 80 B
336 18 8 80 B
337 37 2 80 B
338 93 20 80 A
339 2 3 80 B
340 9 5 80 B
341 3 9 80 B
342 2 9 80 B
343 32 4 80 B
344 66 6 80 B
345 6 7 80 B
346 12 7 80 B
347 25 10 80 A
348 4 10 80 B
349 9 5 80 B
350 1 10 80 B
351 27 1 80 B
352 9 4 80 B
353 15 2 80 B
354 2 12 80 A
355 0 6 80 B
356 0 3 80 B
357 10 9 80 B
358 10 7 80 B
359 16 4 80 B
360 0 10 80 B
361 11 8 80 B
362 18 10 80 B
363 17 6 80 B
364 6 6 80 B
365 6 1 80 B
366 32 1 80 B
367 1 2 80 B
368 1 4 80 A
369 3 8 80 A
370 1 2 80 B
371 37 4 80 B
372 1 3 80 B
373 3 10 80 A
374 7 4 80 B
375 13 6 80 B
376 6 8 80 B
377 1 10 80 B
378 3 4 80 B
379 5 20 80 A
380 28 3 80 B
381 8 8 80 B
382 12 9 80 B
383 35 5 80 B
384 6 4 80 B
385 18 2 80 B
386 11 5 80 B
387 6 9 80 B
388 7 10 80 B
389 19 7 80 B
390 20 3 80 B
391 31 7 80 B
392 19 6 80 A
393 0 7 80 B
394 8 1 80 B
395 20 3 80 B
396 5 2 80 B
397 21 3 80 B
398 9 18 80 A
399 10 3 80 B
400 25 10 80 B
401 6 10 80 B
402 23 7 80 B
403 5 7 80 B
404 0 7 80 B
405 1 1 80 B
406 43 4 80 B
407 4 4 80 B
408 6 10 80 B
409 11 3 80 B
410 5 7 80 B
411 34 10 80 A
412 4 1 80 B
413 27 2 80 B
414 8 9 80 B
415 1 1 80 B
416 3 8 80 B
417 28 4 80 B
418 17 8 80 B
419 31 2 80 A
420 6 3 80 B
421 31 6 80 A
422 30 4 80 B
423 0 7 80 B
424 5 5 80 B
425 0 6 80 B
426 4 4 80 B
427 21 9 80 B
428 6 4 80 B
429 4 6 80 B
430 13 10 80 B
431 7 5 80 B
432 16 3 80 B
433 8 3 80 B
434 3 12 80 A
435 7 2 80 B
436 7 10 80 B
437 0 4 80 B
438 2 4 80 B
439 12 1 80 B
440 7 9 80 B
441 16 5 80 B
442 27 8 80 B
443 13 9 80 B
444 32 3 80 B
445 0 6 80 B
446 0 5 80 B
447 8 8 80 B
448 16 3 80 B
449 7 1 80 B
450 2 20 80 A
451 12 18 80 A
452 42 8 80 B
453 0 18 80 A
454 0 7 80 B
455 37 9 80 B
456 33 9 80 B
457 7 5 80 B
458 17 8 80 B
459 42 8 80 B
460 28 8 80 B
461 17 8 80 B
462 22 4 80 B
463 18 4 80 B
464 0 9 80 B
465 7 4 80 B
466 36 2 80 B
467 1 9 80 B
468 11 3 80 B
469 27 3 80 B
470 2 8 80 B
471 18 5 80 B
472 1 14 80 A
473 2 18 80 A
474 9 1 80 B
475 14 4 80 B
476 9 8 80 B
477 28 5 80 B
478 8 3 80 B
479 41 3 80 B
480 3 6 80 B
481 0 9 80 B
482 11 8 80 B
483 4 5 80 B
484 49 7 80 B
485 7 2 80 A
486 21 5 80 B
487 11 8 80 B
488 0 6 80 B
489 14 3 80 B
490 25 7 80 B
491 0 1 80 B
492 55 9 80 B
493 3 10 80 B
494 4 1 80 B
495 10 5 80 B
496 0 9 80 B
497 10 6 80 B
498 9 5 80 B
499 20 4 80 B
500 11 3 80 B
