1 9 14 80 A
2 19 16 80 A
3 18 16 80 A
4 47 18 80 A
5 21 20 80 A
6 14 14 80 A
7 10 20 80 A
8 11 10 80 A
9 3 16 80 A
10 3 9 80 B
11 21 18 80 A
12 14 2 80 A
13 33 18 80 A
14 2 1 80 B
15 6 14 80 A
16 1 20 80 A
17 11 4 80 A
18 4 8 80 B
19 0 16 80 A
20 2 8 80 A
21 14 10 80 A
22 3 18 80 A
23 4 14 80 A
24 19 2 80 B
25 2 18 80 A
26 10 16 80 A
27 33 14 80 A
28 17 10 80 A
29 18 10 80 A
30 23 6 80 B
31 8 10 80 A
32 4 18 80 A
33 13 2 80 A
34 0 10 80 A
35 2 6 80 A
36 10 7 80 B
37 29 20 80 A
38 6 18 80 A
39 7 12 80 A
40 2 8 80 A
41 11 20 80 A
42 13 16 80 A
43 5 2 80 A
44 13 5 80 B
45 12 6 80 A
46 0 4 80 A
47 1 8 80 A
48 3 18 80 A
49 10 8 80 A
50 19 2 80 A
51 4 8 80 A
52 67 8 80 A
53 6 6 80 A
54 10 12 80 A
55 10 4 80 A
56 3 1 80 B
57 1 10 80 B
58 6 4 80 A
59 15 12 80 A
60 8 12 80 A
61 15 2 80 A
62 19 12 80 A
63 10 4 80 A
64 17 6 80 A
65 7 3 80 B
66 11 4 80 A
67 45 2 80 A
68 29 12 80 A
69 18 2 80 A
70 5 14 80 A
71 31 8 80 A
72 1 4 80 A
73 21 8 80 A
74 17 14 80 A
75 14 3 80 B
76 12 12 80 A
77 11 14 80 A
78 6 14 80 A
79 4 2 80 A
80 2 18 80 A
81 27 6 80 A
82 15 18 80 A
83 2 18 80 A
84 15 12 80 A
85 6 12 80 A
86 8 14 80 A
87 4 6 80 A
88 28 18 80 A
89 1 14 80 A
90 5 4 80 A
91 6 9 80 B
92 14 14 80 A
93 7 14 80 A
94 18 12 80 A
95 29 12 80 A
96 10 16 80 A
97 22 2 80 A
98 18 12 80 A
99 1 14 80 A
100 4 2 80 A
101 19 16 80 A
102 2 6 80 B
103 4 16 80 A
104 13 20 80 A
105 1 6 80 A
106 5 6 80 A
107 13 2 80 A
108 0 2 80 A
109 13 20 80 A
110 11 6 80 B
111 2 18 80 A
112 4 20 80 A
113 21 4 80 A
114 4 2 80 A
115 3 8 80 A
116 1 16 80 A
117 10 8 80 A
118 2 14 80 A
119 2 6 80 A
120 3 18 80 A
121 0 6 80 A
122 15 16 80 A
123 1 14 80 A
124 5 1 80 B
125 14 4 80 A
126 22 10 80 A
127 10 20 80 A
128 11 20 80 A
129 1 8 80 A
130 31 20 80 A
131 18 4 80 A
132 24 10 80 A
133 31 10 80 B
134 13 10 80 A
135 0 6 80 A
136 6 2 80 A
137 19 14 80 A
138 7 8 80 B
139 2 8 80 A
140 20 10 80 A
141 12 6 80 A
142 10 5 80 B
143 4 5 80 B
144 4 2 80 A
145 2 4 80 A
146 51 20 80 A
147 2 20 80 A
148 15 10 80 A
149 18 2 80 A
150 4 20 80 A
151 26 18 80 A
152 4 4 80 A
153 16 20 80 A
154 10 10 80 B
155 3 2 80 A
156 18 16 80 A
157 16 12 80 A
158 2 20 80 A
159 19 1 80 B
160 9 6 80 A
161 0 10 80 A
162 4 14 80 A
163 1 4 80 A
164 4 8 80 A
165 15 2 80 A
166 23 8 80 B
167 3 2 80 A
168 53 16 80 A
169 15 2 80 A
170 2 14 80 A
171 26 12 80 A
172 1 14 80 A
173 7 6 80 A
174 18 8 80 A
175 2 14 80 A
176 10 8 80 A
177 1 20 80 A
178 16 6 80 A
179 3 5 80 B
180 1 2 80 A
181 1 10 80 A
182 6 2 80 A
183 2 8 80 B
184 7 16 80 A
185 11 16 80 A
186 35 10 80 A
187 3 16 80 A
188 31 14 80 A
189 5 10 80 B
190 4 6 80 A
191 1 3 80 B
192 1 16 80 A
193 22 8 80 A
194 1 10 80 A
195 9 4 80 A
196 8 20 80 A
197 7 10 80 A
198 12 1 80 B
199 10 2 80 B
200 0 10 80 A
201 41 4 80 A
202 16 12 80 A
203 19 12 80 A
204 24 2 80 A
205 18 12 80 A
206 29 6 80 A
207 8 5 80 B
208 0 16 80 A
209 2 6 80 A
210 4 20 80 A
211 23 20 80 A
212 23 2 80 A
213 6 18 80 A
214 33 9 80 B
215 23 4 80 A
216 27 10 80 A
217 1 10 80 A
218 24 18 80 A
219 9 4 80 A
220 11 12 80 A
221 8 6 80 A
222 6 6 80 A
223 0 4 80 B
224 9 12 80 A
225 19 8 80 A
226 17 2 80 A
227 6 8 80 A
228 0 10 80 A
229 3 10 80 A
230 25 2 80 A
231 3 6 80 A
232 37 6 80 A
233 56 10 80 A
234 2 10 80 B
235 13 6 80 A
236 11 6 80 A
237 23 6 80 B
238 34 12 80 A
239 1 16 80 A
240 1 8 80 A
241 8 10 80 B
242 20 6 80 A
243 3 4 80 A
244 0 4 80 A
245 11 14 80 A
246 2 12 80 A
247 16 14 80 A
248 1 16 80 A
249 27 10 80 A
250 6 14 80 A
251 17 2 80 A
252 1 8 80 A
253 10 16 80 A
254 44 1 80 B
255 10 18 80 A
256 0 8 80 A
257 11 8 80 A
258 23 18 80 A
259 27 20 80 A
260 4 4 80 A
261 5 2 80 A
262 2 6 80 A
263 12 20 80 A
264 27 6 80 A
265 0 10 80 A
266 5 7 80 B
267 27 20 80 A
268 5 2 80 A
269 30 18 80 A
270 41 6 80 A
271 4 4 80 A
272 2 12 80 A
273 7 1 80 B
274 7 4 80 A
275 69 16 80 A
276 42 14 80 A
277 0 2 80 A
278 6 14 80 A
279 27 10 80 A
280 9 14 80 A
281 12 4 80 A
282 3 18 80 A
283 18 10 80 B
284 35 4 80 A
285 4 16 80 A
286 3 8 80 A
287 10 20 80 A
288 24 14 80 A
289 5 14 80 A
290 19 12 80 A
291 4 10 80 A
292 14 16 80 A
293 30 12 80 A
294 17 16 80 A
295 6 16 80 A
296 2 10 80 A
297 3 2 80 A
298 1 6 80 A
299 1 14 80 A
300 6 12 80 A
301 9 1 80 B
302 3 2 80 A
303 2 20 80 A
304 11 10 80 A
305 10 6 80 A
306 34 14 80 A
307 3 12 80 A
308 13 20 80 A
309 12 14 80 A
310 9 10 80 A
311 13 2 80 A
312 18 2 80 A
313 4 14 80 A
314 4 20 80 A
315 5 8 80 A
316 7 9 80 B
317 5 4 80 A
318 6 18 80 A
319 4 4 80 A
320 9 18 80 A
321 13 8 80 A
322 18 12 80 A
323 9 14 80 A
324 11 4 80 A
325 34 2 80 A
326 4 16 80 A
327 22 14 80 A
328 3 10 80 A
329 29 10 80 A
330 9 4 80 A
331 11 8 80 A
332 1 4 80 A
333 11 10 80 A
334 20 14 80 A
335 4 18 80 A
336 7 6 80 A
337 7 16 80 A
338 9 12 80 A
339 24 18 80 A
340 17 12 80 A
341 9 10 80 A
342 3 6 80 A
343 7 20 80 A
344 0 2 80 A
345 34 14 80 A
346 44 2 80 A
347 4 12 80 A
348 1 4 80 A
349 7 2 80 A
350 19 16 80 A
351 7 8 80 A
352 2 20 80 A
353 1 12 80 A
354 2 2 80 A
355 5 14 80 A
356 2 4 80 A
357 4 8 80 A
358 13 10 80 B
359 0 6 80 A
360 15 14 80 A
361 13 8 80 A
362 6 20 80 A
363 2 12 80 A
364 48 8 80 B
365 17 20 80 A
366 24 4 80 A
367 0 14 80 A
368 8 2 80 A
369 20 12 80 A
370 49 6 80 A
371 24 4 80 B
372 10 4 80 A
373 11 8 80 A
374 2 1 80 B
375 14 12 80 A
376 48 20 80 A
377 6 10 80 A
378 9 8 80 A
379 21 18 80 A
380 0 12 80 A
381 3 10 80 A
382 11 20 80 A
383 0 8 80 A
384 4 20 80 A
385 31 12 80 A
386 2 12 80 A
387 3 2 80 A
388 32 20 80 A
389 15 12 80 A
390 5 2 80 A
391 9 6 80 A
392 1 18 80 A
393 18 8 80 A
394 20 12 80 A
395 10 14 80 A
396 42 14 80 A
397 2 12 80 A
398 18 18 80 A
399 3 10 80 A
400 14 2 80 A
401 23 10 80 A
402 18 20 80 A
403 3 12 80 A
404 0 4 80 A
405 37 18 80 A
406 3 10 80 A
407 21 6 80 A
408 4 12 80 A
409 0 8 80 A
410 1 10 80 A
411 12 2 80 A
412 7 12 80 A
413 5 8 80 B
414 4 12 80 A
415 1 14 80 A
416 1 2 80 A
417 42 16 80 A
418 3 2 80 A
419 15 14 80 A
420 3 18 80 A
421 2 8 80 A
422 10 16 80 A
423 17 14 80 A
424 20 4 80 A
425 3 14 80 A
426 2 10 80 A
427 0 14 80 A
428 4 7 80 B
429 25 18 80 A
430 19 12 80 A
431 2 18 80 A
432 0 12 80 A
433 6 14 80 A
434 0 8 80 A
435 1 20 80 A
436 31 14 80 A
437 8 8 80 A
438 6 6 80 A
439 3 16 80 A
440 0 16 80 A
441 5 4 80 A
442 8 8 80 A
443 1 7 80 B
444 3 16 80 A
445 35 12 80 A
446 1 20 80 A
447 52 20 80 A
448 25 4 80 A
449 6 16 80 A
450 31 12 80 A
451 31 10 80 A
452 1 12 80 A
453 19 10 80 A
454 15 10 80 A
455 1 12 80 A
456 6 6 80 A
457 3 1 80 B
458 12 6 80 A
459 28 2 80 A
460 3 6 80 A
461 2 20 80 A
462 10 20 80 A
463 9 8 80 A
464 14 2 80 A
465 7 12 80 A
466 4 4 80 A
467 20 14 80 A
468 37 10 80 A
469 30 18 80 A
470 0 6 80 A
471 9 2 80 B
472 10 18 80 A
473 9 16 80 A
474 1 16 80 A
475 4 20 80 A
476 13 14 80 A
477 15 8 80 A
478 2 2 80 A
479 12 10 80 A
480 8 1 80 B
481 32 6 80 A
482 0 2 80 A
483 27 18 80 A
484 6 2 80 A
485 1 14 80 A
486 11 16 80 A
487 2 9 80 B
488 10 8 80 A
489 27 14 80 A
490 19 8 80 A
491 5 6 80 A
492 9 5 80 B
493 2 2 80 A
494 12 20 80 A
495 12 14 80 A
496 2 18 80 A
497 5 12 80 A
498 16 12 80 A
499 32 4 80 A
500 4 16 80 A
