1 79 69 8 B
2 76 79 8 B
3 40 142 8 A
4 44 17 8 B
5 214 14 8 B
6 136 76 8 B
7 91 14 8 B
8 15 156 8 A
9 102 188 8 A
10 174 194 8 A
11 53 120 8 A
12 102 95 8 B
13 229 98 8 B
14 452 79 8 B
15 56 51 8 B
16 41 182 8 A
17 188 21 8 B
18 140 86 8 B
19 22 68 8 B
20 239 80 8 B
21 12 61 8 B
22 34 6 8 B
23 32 30 8 B
24 218 14 8 A
25 57 180 8 A
26 181 70 8 B
27 11 56 8 B
28 134 52 8 A
29 119 78 8 B
30 24 31 8 B
31 87 192 8 A
32 98 76 8 A
33 36 100 8 A
34 419 118 8 A
35 9 144 8 A
36 28 34 8 A
37 105 14 8 B
38 13 8 8 A
39 58 6 8 B
40 38 100 8 B
41 9 13 8 B
42 241 92 8 B
43 147 174 8 A
44 97 35 8 B
45 6 48 8 B
46 258 70 8 B
47 27 14 8 B
48 119 20 8 B
49 18 16 8 B
50 41 102 8 A
51 68 34 8 A
52 22 88 8 A
53 242 112 8 A
54 83 64 8 A
55 74 184 8 A
56 324 96 8 A
57 308 30 8 A
58 8 64 8 B
59 33 95 8 B
60 25 71 8 B
61 2 140 8 A
62 21 146 8 A
63 38 65 8 B
64 209 74 8 B
65 229 68 8 A
66 71 76 8 B
67 161 96 8 A
68 218 96 8 B
69 70 18 8 A
70 65 70 8 B
71 345 43 8 B
72 48 96 8 A
73 29 19 8 B
74 112 2 8 A
75 502 13 8 B
76 1 198 8 A
77 15 26 8 A
78 109 144 8 A
79 8 48 8 B
80 130 6 8 B
81 129 68 8 A
82 148 142 8 A
83 50 52 8 B
84 8 142 8 A
85 251 192 8 A
86 70 124 8 A
87 69 49 8 B
88 312 192 8 A
89 83 182 8 A
90 153 48 8 A
91 89 152 8 A
92 208 97 8 B
93 2 42 8 A
94 564 29 8 B
95 244 116 8 A
96 198 76 8 A
97 141 2 8 A
98 168 75 8 B
99 112 79 8 B
100 178 28 8 A
