1 1.32168 34 900 A
2 2.67691 21 900 B
3 1.0472 40 900 A
4 0.800865 89 900 B
5 0.166997 96 900 B
6 0.506138 82 900 A
7 0.406482 80 900 A
8 0.564425 71 900 B
9 0.967088 80 900 A
10 0.0322599 56 900 A
11 0.386021 72 900 A
12 0.9253 28 900 A
13 0.0989139 78 900 A
14 0.68384 116 900 A
15 0.734304 43 900 B
16 2.45797 74 900 A
17 0.021034 166 900 A
18 0.247282 92 900 A
19 0.238088 27 900 B
20 0.503308 40 900 A
21 2.78747 3 900 B
22 1.52519 69 900 B
23 0.774079 99 900 B
24 0.799411 2 900 A
25 0.0297869 95 900 B
26 0.573795 54 900 B
27 0.788634 56 900 A
28 0.43645 75 900 B
29 0.697312 93 900 B
30 0.107357 97 900 B
31 1.05762 190 900 A
32 5.05912 196 900 A
33 3.0321 32 900 B
34 0.17091 34 900 A
35 0.0620007 87 900 B
36 1.1718 118 900 A
37 1.97168 116 900 A
38 1.41009 58 900 A
39 2.39927 86 900 B
40 1.89368 58 900 B
41 1.31863 174 900 A
42 1.56541 57 900 B
43 0.809623 178 900 A
44 0.14369 80 900 A
45 0.89874 71 900 B
46 1.7062 58 900 B
47 3.48399 62 900 B
48 3.82258 10 900 B
49 2.402 60 900 B
50 0.607786 36 900 A
51 2.73863 69 900 B
52 1.32647 37 900 B
53 2.43123 6 900 B
54 0.982098 20 900 A
55 2.21117 172 900 A
56 1.44776 188 900 A
57 2.30046 196 900 A
58 0.573694 96 900 B
59 0.133301 46 900 B
60 0.624513 33 900 B
61 2.611 83 900 B
62 1.01038 96 900 B
63 2.93214 88 900 B
64 1.64343 2 900 A
65 0.0567009 30 900 A
66 0.846821 22 900 A
67 0.825702 170 900 A
68 0.56804 57 900 B
69 0.421763 11 900 B
70 1.16541 126 900 A
71 2.76754 92 900 A
72 0.130207 12 900 B
73 0.466145 150 900 A
74 0.0957155 92 900 A
75 2.99465 38 900 B
76 1.61896 120 900 A
77 0.792836 74 900 A
78 0.35894 4 900 A
79 1.62621 52 900 A
80 0.631604 112 900 A
81 0.945794 132 900 A
82 1.55622 53 900 B
83 0.807496 110 900 A
84 2.93109 78 900 A
85 3.14912 200 900 A
86 1.73574 89 900 B
87 1.47644 92 900 A
88 2.88338 78 900 A
89 1.02942 74 900 A
90 1.31052 49 900 B
91 0.249993 22 900 B
92 0.225303 69 900 B
93 1.20817 84 900 B
94 0.317404 58 900 A
95 0.397314 116 900 A
96 1.86008 102 900 A
97 0.0487208 110 900 A
98 1.73163 80 900 A
99 0.301044 136 900 A
100 0.803448 70 900 A
