1 0 6 80 B
2 12 18 80 A
3 13 18 80 A
4 5 9 80 B
5 21 14 80 A
6 9 4 80 A
7 35 6 80 B
8 1 12 80 A
9 14 5 80 B
10 13 8 80 B
11 9 10 80 B
12 43 9 80 B
13 1 8 80 B
14 11 10 80 B
15 7 7 80 B
16 20 8 80 A
17 2 4 80 A
18 9 20 80 A
19 13 10 80 A
20 5 7 80 B
21 2 4 80 B
22 3 10 80 B
23 1 7 80 B
24 2 16 80 A
25 6 4 80 A
26 15 1 80 B
27 19 2 80 A
28 9 14 80 A
29 36 8 80 A
30 3 18 80 A
31 3 3 80 B
32 6 12 80 A
33 3 20 80 A
34 21 8 80 A
35 32 3 80 B
36 75 6 80 B
37 5 12 80 A
38 15 3 80 B
39 29 20 80 A
40 2 16 80 A
41 32 2 80 A
42 24 4 80 A
43 0 8 80 A
44 0 18 80 A
45 3 7 80 B
46 4 4 80 B
47 8 12 80 A
48 9 9 80 B
49 1 4 80 B
50 8 12 80 A
51 3 16 80 A
52 6 6 80 B
53 6 18 80 A
54 31 10 80 B
55 0 12 80 A
56 1 14 80 A
57 3 18 80 A
58 16 7 80 B
59 1 6 80 A
60 9 2 80 A
61 87 1 80 B
62 19 2 80 A
63 4 18 80 A
64 6 12 80 A
65 28 1 80 B
66 5 12 80 A
67 5 6 80 B
68 2 2 80 A
69 1 20 80 A
70 18 2 80 B
71 24 2 80 A
72 7 8 80 B
73 7 4 80 B
74 11 3 80 B
75 0 4 80 B
76 2 14 80 A
77 2 9 80 B
78 2 10 80 A
79 11 5 80 B
80 0 10 80 A
81 18 10 80 A
82 16 20 80 A
83 12 4 80 B
84 1 7 80 B
85 4 7 80 B
86 51 8 80 B
87 5 8 80 B
88 0 14 80 A
89 2 9 80 B
90 12 6 80 A
91 9 4 80 A
92 39 8 80 B
93 1 8 80 B
94 36 1 80 B
95 0 16 80 A
96 10 4 80 A
97 6 4 80 B
98 25 12 80 A
99 19 9 80 B
100 7 20 80 A
101 5 10 80 B
102 13 5 80 B
103 6 5 80 B
104 4 5 80 B
105 9 8 80 A
106 26 16 80 A
107 5 2 80 B
108 47 5 80 B
109 1 8 80 A
110 20 10 80 A
111 12 20 80 A
112 3 4 80 A
113 14 14 80 A
114 15 14 80 A
115 34 14 80 A
116 35 20 80 A
117 13 10 80 B
118 0 16 80 A
119 70 6 80 A
120 0 10 80 A
121 6 3 80 B
122 17 14 80 A
123 6 6 80 A
124 8 2 80 A
125 16 16 80 A
126 0 4 80 A
127 12 4 80 B
128 21 10 80 B
129 12 7 80 B
130 1 16 80 A
131 10 20 80 A
132 2 10 80 A
133 8 16 80 A
134 21 6 80 A
135 8 10 80 B
136 3 10 80 A
137 10 6 80 B
138 3 18 80 A
139 15 14 80 A
140 31 5 80 B
141 11 12 80 A
142 6 8 80 B
143 14 2 80 A
144 8 8 80 B
145 8 10 80 A
146 8 12 80 A
147 5 1 80 B
148 0 6 80 B
149 3 10 80 B
150 15 9 80 B
151 51 10 80 B
152 8 12 80 A
153 30 2 80 A
154 0 10 80 B
155 2 7 80 B
156 0 3 80 B
157 1 2 80 B
158 13 10 80 A
159 18 6 80 B
160 20 4 80 B
161 6 18 80 A
162 19 3 80 B
163 2 10 80 A
164 13 5 80 B
165 38 7 80 B
166 5 2 80 B
167 12 8 80 A
168 7 2 80 B
169 30 8 80 A
170 3 6 80 B
171 3 20 80 A
172 2 4 80 A
173 11 6 80 B
174 1 20 80 A
175 12 4 80 A
176 12 9 80 B
177 10 6 80 B
178 2 9 80 B
179 21 7 80 B
180 6 5 80 B
181 3 1 80 B
182 1 3 80 B
183 1 6 80 B
184 21 6 80 A
185 6 2 80 A
186 7 7 80 B
187 16 12 80 A
188 13 18 80 A
189 5 7 80 B
190 19 7 80 B
191 36 10 80 A
192 0 4 80 B
193 19 6 80 B
194 0 16 80 A
195 14 2 80 A
196 23 20 80 A
197 29 4 80 B
198 31 8 80 B
199 5 20 80 A
200 18 4 80 A
201 17 2 80 A
202 2 18 80 A
203 14 9 80 B
204 21 10 80 A
205 14 3 80 B
206 8 5 80 B
207 13 9 80 B
208 23 4 80 B
209 18 1 80 B
210 17 16 80 A
211 7 6 80 B
212 1 16 80 A
213 16 5 80 B
214 33 14 80 A
215 6 9 80 B
216 16 12 80 A
217 11 2 80 A
218 8 14 80 A
219 1 6 80 B
220 10 18 80 A
221 11 12 80 A
222 11 10 80 B
223 23 6 80 A
224 5 10 80 B
225 8 18 80 A
226 42 18 80 A
227 14 12 80 A
228 17 8 80 B
229 7 8 80 B
230 35 14 80 A
231 3 10 80 B
232 15 9 80 B
233 6 18 80 A
234 5 6 80 B
235 3 18 80 A
236 22 14 80 A
237 6 20 80 A
238 10 8 80 B
239 9 12 80 A
240 18 2 80 B
241 4 20 80 A
242 16 6 80 B
243 6 8 80 A
244 16 2 80 B
245 4 8 80 A
246 11 3 80 B
247 4 12 80 A
248 18 5 80 B
249 4 9 80 B
250 47 4 80 A
251 31 10 80 A
252 10 1 80 B
253 3 5 80 B
254 47 6 80 B
255 23 8 80 A
256 7 14 80 A
257 4 4 80 B
258 0 6 80 A
259 6 8 80 B
260 2 14 80 A
261 5 6 80 A
262 28 6 80 A
263 3 20 80 A
264 16 5 80 B
265 3 9 80 B
266 6 14 80 A
267 8 4 80 A
268 7 18 80 A
269 5 3 80 B
270 10 2 80 A
271 57 4 80 B
272 28 7 80 B
273 3 20 80 A
274 26 9 80 B
275 1 10 80 A
276 2 4 80 B
277 1 18 80 A
278 18 4 80 A
279 8 1 80 B
280 21 5 80 B
281 26 20 80 A
282 21 4 80 A
283 15 10 80 A
284 3 4 80 A
285 14 10 80 A
286 20 4 80 A
287 9 2 80 A
288 28 10 80 B
289 1 5 80 B
290 15 2 80 A
291 19 4 80 B
292 12 3 80 B
293 0 8 80 B
294 19 12 80 A
295 0 4 80 B
296 78 20 80 A
297 9 2 80 A
298 5 10 80 B
299 3 6 80 B
300 67 16 80 A
301 12 8 80 A
302 1 20 80 A
303 5 20 80 A
304 7 2 80 B
305 5 10 80 A
306 0 2 80 B
307 20 8 80 A
308 14 20 80 A
309 6 8 80 A
310 4 4 80 B
311 19 20 80 A
312 16 3 80 B
313 5 2 80 B
314 12 3 80 B
315 2 12 80 A
316 9 3 80 B
317 26 6 80 B
318 12 10 80 A
319 35 2 80 A
320 4 4 80 B
321 26 4 80 B
322 30 16 80 A
323 8 6 80 A
324 43 7 80 B
325 2 5 80 B
326 5 3 80 B
327 33 12 80 A
328 2 6 80 A
329 12 1 80 B
330 10 12 80 A
331 12 14 80 A
332 4 2 80 A
333 0 9 80 B
334 1 2 80 B
335 3 5 80 B
336 3 2 80 A
337 18 2 80 A
338 8 14 80 A
339 5 20 80 A
340 4 2 80 A
341 12 12 80 A
342 19 16 80 A
343 0 10 80 A
344 7 9 80 B
345 51 4 80 A
346 30 2 80 A
347 5 8 80 A
348 16 12 80 A
349 78 10 80 B
350 60 7 80 B
351 5 8 80 A
352 9 2 80 B
353 2 18 80 A
354 0 14 80 A
355 8 18 80 A
356 2 12 80 A
357 9 18 80 A
358 32 2 80 A
359 4 12 80 A
360 9 12 80 A
361 55 2 80 B
362 0 16 80 A
363 1 6 80 B
364 30 10 80 B
365 1 7 80 B
366 7 14 80 A
367 1 3 80 B
368 2 8 80 A
369 4 18 80 A
370 28 2 80 A
371 10 2 80 B
372 5 16 80 A
373 5 12 80 A
374 0 2 80 A
375 0 18 80 A
376 10 8 80 B
377 30 7 80 B
378 5 4 80 B
379 35 12 80 A
380 2 10 80 A
381 2 20 80 A
382 0 8 80 B
383 2 10 80 B
384 6 1 80 B
385 8 14 80 A
386 3 12 80 A
387 3 4 80 B
388 6 20 80 A
389 10 10 80 B
390 80 12 80 A
391 6 18 80 A
392 2 3 80 B
393 12 20 80 A
394 11 10 80 B
395 13 10 80 A
396 55 10 80 A
397 3 10 80 B
398 22 8 80 A
399 2 8 80 A
400 6 4 80 A
401 12 5 80 B
402 0 1 80 B
403 2 18 80 A
404 39 9 80 B
405 0 18 80 A
406 14 3 80 B
407 6 2 80 B
408 3 16 80 A
409 4 10 80 B
410 16 10 80 B
411 13 10 80 B
412 1 20 80 A
413 36 2 80 B
414 14 10 80 A
415 4 5 80 B
416 4 14 80 A
417 7 2 80 B
418 41 18 80 A
419 1 2 80 A
420 2 6 80 A
421 22 3 80 B
422 15 2 80 A
423 43 14 80 A
424 9 18 80 A
425 5 16 80 A
426 1 18 80 A
427 4 2 80 A
428 6 2 80 B
429 3 4 80 A
430 9 6 80 B
431 4 3 80 B
432 16 16 80 A
433 16 8 80 B
434 6 8 80 A
435 10 2 80 B
436 10 4 80 A
437 3 10 80 A
438 4 12 80 A
439 12 6 80 B
440 35 2 80 B
441 2 1 80 B
442 12 6 80 B
443 38 7 80 B
444 23 9 80 B
445 13 8 80 B
446 0 5 80 B
447 2 6 80 B
448 36 2 80 B
449 7 7 80 B
450 1 18 80 A
451 9 3 80 B
452 6 6 80 A
453 7 2 80 A
454 76 6 80 B
455 9 16 80 A
456 2 3 80 B
457 8 6 80 A
458 4 8 80 A
459 9 7 80 B
460 2 14 80 A
461 11 6 80 B
462 8 14 80 A
463 0 12 80 A
464 0 4 80 B
465 70 1 80 B
466 5 8 80 A
467 0 10 80 B
468 9 8 80 B
469 3 5 80 B
470 17 10 80 B
471 6 10 80 B
472 0 8 80 A
473 42 9 80 B
474 0 5 80 B
475 0 6 80 B
476 11 2 80 B
477 8 7 80 B
478 3 18 80 A
479 0 8 80 B
480 1 4 80 B
481 6 8 80 B
482 2 18 80 A
483 14 18 80 A
484 18 3 80 B
485 16 1 80 B
486 26 8 80 B
487 0 4 80 B
488 12 8 80 A
489 20 20 80 A
490 11 16 80 A
491 12 8 80 B
492 7 4 80 A
493 27 8 80 B
494 23 2 80 A
495 5 8 80 B
496 7 4 80 B
497 18 2 80 A
498 33 9 80 B
499 20 14 80 A
500 17 7 80 B
