1 0.200113 44 700 B
2 6.24625 58 700 A
3 0.420135 70 700 B
4 2.00113 78 700 B
5 1.92245 140 700 A
6 1.00488 8 700 A
7 1.17398 88 700 B
8 1.01921 178 700 A
9 1.05813 11 700 B
10 2.77032 96 700 B
11 1.44658 102 700 A
12 1.22776 30 700 A
13 2.71956 90 700 B
14 0.974243 66 700 A
15 1.25727 106 700 A
16 0.719949 66 700 A
17 1.30146 76 700 A
18 0.156632 138 700 A
19 2.581 174 700 A
20 1.45707 62 700 A
21 0.551382 56 700 A
22 1.77557 91 700 B
23 0.47004 15 700 B
24 0.0714657 22 700 A
25 0.0408956 78 700 B
26 0.804557 58 700 B
27 0.434005 154 700 A
28 0.000412923 120 700 A
29 0.0627729 88 700 B
30 1.77237 108 700 A
31 0.519304 100 700 A
32 0.981998 100 700 A
33 1.01811 178 700 A
34 0.043118 26 700 A
35 0.726316 54 700 B
36 1.15795 31 700 B
37 1.49779 118 700 A
38 7.42616 116 700 A
39 1.06508 33 700 B
40 5.53977 14 700 B
41 1.26676 162 700 A
42 0.453708 23 700 B
43 0.903193 35 700 B
44 0.866207 108 700 A
45 0.637005 72 700 A
46 0.223197 46 700 A
47 1.42208 85 700 B
48 0.434218 96 700 B
49 8.03428 37 700 B
50 0.14601 57 700 B
51 3.40425 96 700 B
52 1.05327 142 700 A
53 4.38935 99 700 B
54 1.72672 22 700 A
55 1.04868 128 700 A
56 2.66739 21 700 B
57 0.127059 82 700 A
58 0.319929 90 700 A
59 2.10444 146 700 A
60 0.303596 16 700 B
61 1.40021 18 700 A
62 1.54363 94 700 A
63 2.97737 57 700 B
64 0.816776 1 700 B
65 2.40149 97 700 B
66 2.11463 97 700 B
67 1.71734 16 700 A
68 0.68472 166 700 A
69 1.24084 124 700 A
70 3.35273 152 700 A
71 0.341478 9 700 B
72 0.0672618 164 700 A
73 2.20232 34 700 A
74 0.467921 86 700 B
75 1.182 84 700 B
76 1.48703 30 700 B
77 1.02147 35 700 B
78 0.444249 126 700 A
79 4.16135 120 700 A
80 3.62568 188 700 A
81 0.751069 53 700 B
82 0.550196 79 700 B
83 0.029737 78 700 B
84 0.122214 70 700 A
85 0.443664 172 700 A
86 2.29651 34 700 A
87 0.621808 162 700 A
88 2.06231 96 700 A
89 0.695358 56 700 A
90 0.302548 83 700 B
91 0.251153 48 700 A
92 0.74736 90 700 A
93 1.75289 96 700 A
94 0.0602373 69 700 B
95 0.922411 17 700 B
96 0.197999 178 700 A
97 1.1622 78 700 B
98 6.00306 96 700 B
99 2.53453 144 700 A
100 0.0840566 38 700 B
