1 29 152 6 A
2 71 116 6 A
3 142 146 6 A
4 74 97 6 B
5 50 76 6 B
6 98 138 6 A
7 150 156 6 A
8 296 166 6 A
9 55 62 6 A
10 46 84 6 B
11 140 142 6 A
12 133 174 6 A
13 3 48 6 B
14 176 1 6 B
15 366 40 6 B
16 139 60 6 B
17 473 67 6 B
18 295 172 6 A
19 93 90 6 B
20 416 45 6 B
21 61 79 6 B
22 110 28 6 B
23 310 196 6 A
24 531 126 6 A
25 0 64 6 B
26 186 50 6 B
27 396 40 6 A
28 383 73 6 B
29 141 47 6 B
30 225 46 6 A
31 9 72 6 A
32 16 42 6 A
33 166 54 6 A
34 226 28 6 B
35 25 93 6 B
36 103 85 6 B
37 116 61 6 B
38 170 92 6 A
39 241 186 6 A
40 195 84 6 B
41 308 3 6 B
42 594 4 6 A
43 48 19 6 B
44 146 8 6 B
45 190 78 6 B
46 181 132 6 A
47 139 71 6 B
48 300 17 6 B
49 4 138 6 A
50 367 10 6 B
51 227 2 6 A
52 90 63 6 B
53 207 94 6 B
54 274 18 6 A
55 2 88 6 A
56 15 58 6 A
57 2 160 6 A
58 11 106 6 A
59 34 65 6 B
60 97 35 6 B
61 168 4 6 A
62 201 186 6 A
63 462 86 6 B
64 366 33 6 B
65 23 74 6 A
66 230 11 6 B
67 165 178 6 A
68 174 124 6 A
69 1 38 6 A
70 438 80 6 B
71 70 36 6 B
72 106 33 6 B
73 40 70 6 B
74 131 88 6 B
75 24 28 6 A
76 270 97 6 B
77 51 20 6 B
78 34 71 6 B
79 48 42 6 B
80 9 50 6 B
81 35 94 6 A
82 107 106 6 A
83 80 67 6 B
84 452 100 6 B
85 288 37 6 B
86 129 99 6 B
87 1 81 6 B
88 38 162 6 A
89 49 42 6 A
90 35 22 6 B
91 134 130 6 A
92 82 164 6 A
93 67 94 6 A
94 114 148 6 A
95 173 45 6 B
96 293 81 6 B
97 213 62 6 A
98 30 27 6 B
99 12 70 6 B
100 45 94 6 A
