1 1.69999 53 500 B
2 4.10278 50 500 B
3 4.44322 9 500 B
4 6.38931 58 500 B
5 0.51506 186 500 A
6 0.854999 15 500 B
7 0.670953 100 500 B
8 1.14315 30 500 A
9 1.69766 82 500 A
10 1.53418 68 500 B
11 2.07373 60 500 A
12 0.131034 4 500 A
13 1.07525 55 500 B
14 0.614363 93 500 B
15 2.47424 14 500 A
16 0.266035 38 500 A
17 6.00356 154 500 A
18 0.470233 46 500 B
19 2.51301 66 500 B
20 1.23515 14 500 B
21 0.046554 82 500 A
22 2.48373 19 500 B
23 8.8441 66 500 B
24 2.84296 176 500 A
25 0.988718 2 500 B
26 0.00283208 87 500 B
27 0.487471 164 500 A
28 2.44516 14 500 A
29 4.36896 35 500 B
30 0.0346793 118 500 A
31 5.33407 92 500 A
32 1.2991 182 500 A
33 3.27649 73 500 B
34 1.88028 120 500 A
35 2.84667 124 500 A
36 0.454112 2 500 B
37 0.519474 86 500 B
38 0.611263 2 500 B
39 0.740916 78 500 A
40 1.78288 198 500 A
41 0.481682 198 500 A
42 0.0272271 80 500 B
43 0.86785 104 500 A
44 2.83858 29 500 B
45 1.60673 98 500 A
46 0.202039 102 500 A
47 0.0186165 144 500 A
48 2.93454 15 500 B
49 2.19864 87 500 B
50 0.908533 1 500 B
51 0.106739 87 500 B
52 0.588845 24 500 B
53 7.0033 76 500 A
54 3.28601 42 500 B
55 0.0739354 53 500 B
56 0.483971 14 500 A
57 3.5407 27 500 B
58 2.9297 96 500 A
59 1.3694 1 500 B
60 0.664471 196 500 A
61 2.7598 51 500 B
62 0.279736 158 500 A
63 0.694603 8 500 A
64 1.85327 32 500 B
65 1.32017 186 500 A
66 0.670768 94 500 B
67 0.453558 4 500 A
68 0.217045 18 500 A
69 1.17734 122 500 A
70 0.0518276 188 500 A
71 0.132689 98 500 B
72 0.456761 28 500 B
73 0.747718 41 500 B
74 1.52315 24 500 A
75 1.46837 90 500 A
76 2.03776 40 500 B
77 2.06477 31 500 B
78 3.23902 68 500 B
79 0.560621 2 500 A
80 1.24069 76 500 A
81 1.67001 54 500 A
82 2.05379 160 500 A
83 2.16476 132 500 A
84 0.196591 194 500 A
85 1.37649 118 500 A
86 4.88292 30 500 B
87 1.58759 116 500 A
88 1.35107 53 500 B
89 0.411014 100 500 A
90 2.02198 54 500 B
91 0.361155 28 500 A
92 1.22876 106 500 A
93 0.970722 110 500 A
94 1.51195 148 500 A
95 0.597806 39 500 B
96 0.796222 14 500 A
97 2.89695 66 500 B
98 0.188097 55 500 B
99 0.58599 106 500 A
100 1.19335 32 500 A
