1 0.210225 31 1000 B
2 1.73024 24 1000 A
3 0.052425 17 1000 B
4 2.51837 37 1000 B
5 0.337021 178 1000 A
6 0.12978 184 1000 A
7 2.68674 84 1000 A
8 0.237205 26 1000 B
9 0.0755388 7 1000 B
10 0.2556 60 1000 B
11 0.899945 94 1000 B
12 0.0811364 166 1000 A
13 0.457418 16 1000 B
14 3.02471 94 1000 A
15 0.675873 16 1000 B
16 0.428872 28 1000 B
17 0.166595 10 1000 B
18 1.75142 112 1000 A
19 0.739602 106 1000 A
20 1.72825 22 1000 A
21 0.965673 44 1000 B
22 0.179742 12 1000 B
23 0.978664 148 1000 A
24 0.416637 35 1000 B
25 0.923019 37 1000 B
26 1.29252 85 1000 B
27 2.02759 89 1000 B
28 0.563558 4 1000 A
29 1.45824 136 1000 A
30 0.254644 37 1000 B
31 0.915902 80 1000 A
32 1.11164 43 1000 B
33 0.456698 21 1000 B
34 2.41873 46 1000 A
35 1.26869 99 1000 B
36 0.262078 140 1000 A
37 1.14967 164 1000 A
38 0.0471402 78 1000 A
39 1.17569 49 1000 B
40 0.414168 14 1000 B
41 0.351096 42 1000 A
42 2.8212 43 1000 B
43 0.162191 66 1000 B
44 1.8225 69 1000 B
45 0.371979 116 1000 A
46 1.26873 12 1000 A
47 2.85321 148 1000 A
48 0.71036 176 1000 A
49 0.350273 70 1000 A
50 0.659976 182 1000 A
51 3.23984 78 1000 B
52 0.601375 8 1000 B
53 0.0374371 46 1000 A
54 0.525983 98 1000 A
55 0.644612 182 1000 A
56 1.14509 82 1000 A
57 2.76492 38 1000 A
58 1.02607 77 1000 B
59 0.646886 124 1000 A
60 0.309068 73 1000 B
61 1.55231 48 1000 B
62 0.884207 68 1000 B
63 4.18368 156 1000 A
64 0.917808 76 1000 A
65 1.00675 16 1000 B
66 3.98392 112 1000 A
67 1.21793 62 1000 A
68 0.178069 81 1000 B
69 0.411674 72 1000 B
70 0.333867 92 1000 A
71 0.618946 47 1000 B
72 0.0266267 87 1000 B
73 0.417249 96 1000 B
74 0.498968 116 1000 A
75 0.479354 192 1000 A
76 2.55725 78 1000 A
77 4.30727 38 1000 A
78 0.0677127 14 1000 A
79 1.97328 81 1000 B
80 2.4087 122 1000 A
81 1.08693 50 1000 A
82 0.0931255 96 1000 A
83 1.54189 88 1000 B
84 0.332397 58 1000 B
85 0.616767 186 1000 A
86 0.442829 45 1000 B
87 1.31114 88 1000 A
88 3.1728 100 1000 B
89 0.863897 138 1000 A
90 1.06381 120 1000 A
91 0.186011 12 1000 A
92 0.263051 50 1000 A
93 0.320894 70 1000 B
94 0.620698 48 1000 A
95 0.00155243 63 1000 B
96 3.03566 10 1000 B
97 0.102511 192 1000 A
98 1.05003 100 1000 B
99 0.100411 60 1000 A
100 0.555922 11 1000 B
