1 133 124 5 A
2 136 20 5 B
3 108 48 5 A
4 16 22 5 B
5 487 40 5 B
6 805 8 5 A
7 737 58 5 B
8 368 14 5 B
9 79 76 5 B
10 31 40 5 A
11 66 44 5 B
12 282 17 5 B
13 490 124 5 A
14 258 64 5 A
15 165 22 5 B
16 354 71 5 B
17 556 89 5 B
18 43 4 5 B
19 56 5 5 B
20 24 99 5 B
21 248 53 5 B
22 264 33 5 B
23 65 92 5 A
24 227 86 5 A
25 199 86 5 A
26 285 59 5 B
27 19 96 5 A
28 103 12 5 B
29 51 100 5 A
30 1362 110 5 A
31 202 14 5 A
32 421 158 5 A
33 141 50 5 B
34 67 24 5 A
35 62 120 5 A
36 272 122 5 A
37 110 76 5 B
38 213 97 5 B
39 198 74 5 B
40 68 98 5 A
41 26 88 5 A
42 406 32 5 A
43 186 120 5 A
44 106 66 5 A
45 128 178 5 A
46 261 99 5 B
47 6 19 5 B
48 29 31 5 B
49 31 29 5 B
50 288 174 5 A
51 536 73 5 B
52 194 94 5 B
53 3 7 5 B
54 232 15 5 B
55 6 164 5 A
56 243 164 5 A
57 267 5 5 B
58 83 132 5 A
59 54 21 5 B
60 2 148 5 A
61 110 43 5 B
62 79 198 5 A
63 135 100 5 B
64 394 88 5 A
65 79 18 5 A
66 105 16 5 A
67 238 36 5 A
68 462 76 5 A
69 23 62 5 B
70 479 198 5 A
71 194 86 5 A
72 294 28 5 A
73 84 84 5 B
74 21 94 5 A
75 422 24 5 A
76 372 154 5 A
77 175 67 5 B
78 726 88 5 A
79 765 18 5 B
80 83 128 5 A
81 355 58 5 B
82 664 126 5 A
83 90 6 5 B
84 152 38 5 B
85 190 142 5 A
86 8 40 5 A
87 12 51 5 B
88 20 96 5 A
89 140 48 5 B
90 60 18 5 B
91 123 64 5 A
92 482 132 5 A
93 364 60 5 A
94 174 49 5 B
95 145 86 5 A
96 210 20 5 B
97 281 4 5 A
98 408 38 5 B
99 652 3 5 B
100 189 180 5 A
