1 101 27 9 B
2 350 4 9 B
3 102 30 9 A
4 91 32 9 B
5 56 29 9 B
6 84 65 9 B
7 277 68 9 A
8 234 182 9 A
9 124 92 9 B
10 21 174 9 A
11 95 57 9 B
12 263 20 9 B
13 176 56 9 B
14 32 69 9 B
15 57 24 9 B
16 121 50 9 A
17 21 98 9 A
18 303 65 9 B
19 130 84 9 A
20 71 94 9 B
21 186 81 9 B
22 47 198 9 A
23 139 39 9 B
24 0 72 9 B
25 10 116 9 A
26 10 184 9 A
27 13 59 9 B
28 72 38 9 A
29 78 96 9 A
30 28 108 9 A
31 147 94 9 B
32 82 48 9 B
33 13 42 9 A
34 181 58 9 B
35 175 100 9 B
36 60 196 9 A
37 98 38 9 B
38 49 72 9 A
39 172 14 9 A
40 62 84 9 B
41 2 152 9 A
42 45 8 9 A
43 121 8 9 A
44 212 36 9 B
45 116 30 9 A
46 113 50 9 B
47 40 9 9 B
48 123 168 9 A
49 9 91 9 B
50 113 16 9 A
51 57 47 9 B
52 57 1 9 B
53 299 162 9 A
54 231 58 9 B
55 352 39 9 B
56 54 180 9 A
57 446 50 9 B
58 385 92 9 B
59 1 56 9 B
60 47 68 9 A
61 11 99 9 B
62 66 44 9 B
63 74 52 9 A
64 67 126 9 A
65 338 14 9 A
66 14 38 9 A
67 162 78 9 B
68 91 156 9 A
69 282 99 9 B
70 200 92 9 B
71 130 158 9 A
72 81 10 9 B
73 103 81 9 B
74 331 156 9 A
75 22 98 9 B
76 99 178 9 A
77 198 53 9 B
78 97 67 9 B
79 46 126 9 A
80 136 39 9 B
81 41 58 9 A
82 128 74 9 A
83 128 52 9 A
84 318 122 9 A
85 25 84 9 B
86 91 34 9 B
87 393 12 9 A
88 14 91 9 B
89 79 2 9 A
90 45 31 9 B
91 9 90 9 B
92 81 56 9 B
93 31 182 9 A
94 27 81 9 B
95 37 94 9 B
96 23 4 9 B
97 28 2 9 A
98 85 44 9 B
99 23 44 9 B
100 0 196 9 A
