1 0 3 800 A
2 1 2 800 B
3 0 4 800 A
4 0 10 800 A
5 2 8 800 B
6 1 1 800 A
7 0 1 800 A
8 0 3 800 B
9 1 10 800 B
10 1 6 800 B
11 0 5 800 A
12 0 8 800 A
13 0 5 800 B
14 3 5 800 B
15 1 9 800 B
16 1 3 800 A
17 1 2 800 B
18 2 9 800 B
19 0 8 800 B
20 5 8 800 A
21 2 5 800 B
22 0 6 800 A
23 0 7 800 A
24 3 7 800 A
25 0 6 800 B
26 3 5 800 B
27 1 1 800 A
28 0 4 800 B
29 1 3 800 B
30 0 1 800 A
31 0 1 800 B
32 1 8 800 B
33 0 5 800 B
34 1 1 800 B
35 0 8 800 A
36 0 6 800 A
37 5 8 800 B
38 0 3 800 B
39 0 10 800 A
40 0 5 800 A
41 1 5 800 A
42 1 8 800 A
43 0 6 800 B
44 2 7 800 B
45 0 7 800 A
46 0 2 800 B
47 1 7 800 A
48 0 3 800 B
49 0 2 800 B
50 2 6 800 A
51 0 9 800 A
52 1 10 800 A
53 0 9 800 B
54 1 3 800 A
55 3 2 800 A
56 1 7 800 B
57 0 9 800 A
58 0 7 800 B
59 2 1 800 B
60 1 4 800 A
61 0 10 800 B
62 0 1 800 A
63 1 8 800 A
64 0 6 800 A
65 1 7 800 B
66 3 8 800 B
67 0 6 800 A
68 2 10 800 A
69 0 10 800 B
70 0 6 800 A
71 0 7 800 A
72 0 7 800 B
73 0 1 800 B
74 3 2 800 B
75 0 2 800 A
76 0 4 800 B
77 0 6 800 A
78 0 6 800 A
79 1 6 800 B
80 2 10 800 A
81 0 5 800 A
82 1 4 800 B
83 0 4 800 B
84 0 7 800 A
85 1 9 800 A
86 0 5 800 B
87 0 7 800 A
88 2 8 800 B
89 1 7 800 A
90 0 8 800 B
91 0 2 800 A
92 3 4 800 B
93 0 7 800 A
94 3 10 800 B
95 0 3 800 A
96 0 5 800 B
97 0 4 800 B
98 5 5 800 A
99 0 7 800 A
100 3 1 800 A
101 0 3 800 B
102 4 7 800 A
103 1 4 800 B
104 3 1 800 A
105 0 10 800 A
106 0 9 800 B
107 0 4 800 B
108 2 10 800 A
109 1 6 800 A
110 1 2 800 A
111 1 4 800 A
112 0 3 800 B
113 0 10 800 A
114 4 8 800 A
115 1 6 800 A
116 0 1 800 A
117 1 3 800 B
118 0 3 800 A
119 1 3 800 B
120 3 10 800 A
121 0 4 800 B
122 0 4 800 B
123 1 7 800 A
124 0 1 800 A
125 4 8 800 A
126 1 10 800 A
127 2 2 800 A
128 0 5 800 A
129 0 6 800 A
130 0 10 800 A
131 0 7 800 A
132 2 5 800 A
133 3 10 800 A
134 0 4 800 B
135 2 1 800 B
136 1 1 800 A
137 0 1 800 B
138 0 9 800 A
139 0 9 800 B
140 1 8 800 B
141 2 2 800 A
142 1 4 800 B
143 2 1 800 A
144 0 7 800 A
145 0 9 800 B
146 2 2 800 B
147 2 4 800 B
148 0 7 800 A
149 1 9 800 B
150 0 1 800 B
151 1 5 800 A
152 0 10 800 A
153 0 2 800 B
154 0 3 800 B
155 0 4 800 B
156 1 6 800 A
157 0 3 800 B
158 0 4 800 A
159 6 10 800 A
160 0 1 800 B
161 1 7 800 B
162 0 3 800 A
163 2 3 800 B
164 0 8 800 B
165 1 2 800 B
166 0 1 800 A
167 1 2 800 A
168 1 10 800 B
169 0 3 800 A
170 0 3 800 B
171 0 5 800 B
172 0 5 800 B
173 0 2 800 A
174 0 7 800 B
175 0 6 800 A
176 0 9 800 B
177 0 1 800 B
178 0 8 800 A
179 0 10 800 A
180 0 2 800 B
181 4 8 800 A
182 3 9 800 A
183 0 5 800 B
184 1 8 800 A
185 4 6 800 B
186 1 7 800 A
187 0 1 800 B
188 0 9 800 A
189 1 7 800 B
190 1 6 800 A
191 0 10 800 B
192 1 7 800 B
193 1 4 800 A
194 0 6 800 B
195 1 9 800 A
196 0 5 800 A
197 3 8 800 B
198 2 9 800 A
199 0 3 800 A
200 0 4 800 A
201 2 8 800 B
202 3 6 800 B
203 0 3 800 A
204 1 1 800 A
205 3 3 800 B
206 0 9 800 B
207 0 7 800 B
208 1 9 800 A
209 0 7 800 B
210 1 8 800 A
211 0 8 800 A
212 0 4 800 B
213 1 8 800 B
214 0 5 800 A
215 3 9 800 B
216 0 1 800 B
217 0 9 800 B
218 0 9 800 A
219 0 3 800 B
220 1 1 800 B
221 1 3 800 B
222 0 1 800 A
223 1 6 800 A
224 0 7 800 B
225 1 2 800 B
226 0 8 800 A
227 3 6 800 B
228 0 10 800 B
229 1 10 800 A
230 0 2 800 B
231 0 1 800 B
232 5 2 800 A
233 2 6 800 B
234 0 3 800 B
235 0 7 800 A
236 0 3 800 B
237 1 1 800 B
238 0 1 800 A
239 1 8 800 A
240 0 10 800 B
241 0 3 800 B
242 0 1 800 B
243 1 2 800 B
244 4 8 800 A
245 0 7 800 A
246 1 3 800 B
247 1 9 800 A
248 0 9 800 A
249 0 2 800 A
250 2 1 800 B
251 0 4 800 A
252 0 3 800 B
253 2 10 800 B
254 0 9 800 B
255 0 10 800 A
256 0 5 800 A
257 1 3 800 B
258 0 9 800 A
259 0 1 800 A
260 0 4 800 A
261 0 7 800 A
262 2 3 800 A
263 0 3 800 A
264 1 3 800 A
265 0 7 800 B
266 0 7 800 B
267 2 3 800 A
268 0 9 800 B
269 0 6 800 B
270 0 2 800 A
271 0 9 800 B
272 0 1 800 A
273 2 9 800 B
274 4 10 800 A
275 0 5 800 B
276 0 10 800 B
277 2 7 800 B
278 0 3 800 A
279 1 1 800 A
280 0 6 800 A
281 3 5 800 A
282 0 1 800 B
283 1 4 800 A
284 2 7 800 A
285 0 3 800 B
286 0 8 800 B
287 0 3 800 B
288 0 1 800 A
289 0 7 800 B
290 2 10 800 B
291 0 4 800 B
292 4 4 800 B
293 0 5 800 B
294 0 4 800 B
295 0 4 800 A
296 4 5 800 A
297 3 6 800 A
298 0 2 800 A
299 0 6 800 B
300 0 5 800 B
301 0 4 800 B
302 2 10 800 B
303 1 2 800 A
304 0 2 800 A
305 0 8 800 B
306 3 9 800 B
307 0 6 800 B
308 1 6 800 A
309 1 6 800 A
310 0 7 800 B
311 0 10 800 A
312 0 1 800 A
313 1 8 800 A
314 0 1 800 A
315 0 9 800 A
316 0 8 800 B
317 1 5 800 A
318 0 7 800 A
319 0 6 800 B
320 0 2 800 A
321 0 1 800 B
322 2 9 800 B
323 1 9 800 A
324 0 3 800 B
325 3 1 800 A
326 0 4 800 A
327 0 4 800 A
328 1 9 800 A
329 0 6 800 A
330 0 9 800 B
331 0 6 800 B
332 0 10 800 A
333 1 8 800 A
334 1 4 800 B
335 3 9 800 A
336 1 9 800 A
337 0 7 800 A
338 1 7 800 A
339 2 5 800 B
340 0 1 800 A
341 0 1 800 A
342 3 1 800 B
343 3 6 800 A
344 2 5 800 A
345 0 7 800 A
346 0 2 800 B
347 0 4 800 B
348 0 7 800 A
349 1 7 800 A
350 1 1 800 A
351 1 8 800 B
352 0 1 800 B
353 1 8 800 A
354 1 6 800 A
355 3 1 800 A
356 0 8 800 B
357 0 9 800 B
358 0 2 800 A
359 0 8 800 A
360 0 2 800 A
361 0 10 800 B
362 1 10 800 B
363 0 1 800 B
364 0 4 800 A
365 0 4 800 A
366 7 6 800 A
367 0 8 800 A
368 2 7 800 B
369 1 1 800 A
370 7 5 800 A
371 0 3 800 A
372 0 4 800 B
373 0 5 800 A
374 2 5 800 B
375 3 4 800 A
376 0 10 800 A
377 0 6 800 A
378 1 2 800 B
379 7 4 800 B
380 2 8 800 B
381 0 5 800 B
382 1 9 800 B
383 1 8 800 B
384 0 8 800 B
385 2 4 800 B
386 0 7 800 A
387 3 9 800 B
388 3 7 800 A
389 1 10 800 A
390 0 6 800 B
391 0 7 800 A
392 8 1 800 B
393 1 7 800 B
394 0 5 800 A
395 0 5 800 B
396 0 8 800 B
397 0 2 800 A
398 0 3 800 B
399 1 4 800 A
400 0 5 800 A
401 0 4 800 B
402 0 7 800 A
403 0 8 800 B
404 0 3 800 B
405 3 4 800 A
406 0 6 800 A
407 0 9 800 B
408 3 2 800 B
409 1 8 800 B
410 1 4 800 B
411 2 1 800 B
412 0 8 800 A
413 0 8 800 B
414 0 3 800 B
415 2 10 800 A
416 0 3 800 A
417 0 5 800 B
418 0 4 800 A
419 2 1 800 A
420 0 2 800 A
421 2 5 800 B
422 2 9 800 A
423 1 6 800 B
424 2 4 800 B
425 4 4 800 A
426 1 1 800 B
427 1 3 800 A
428 0 2 800 A
429 0 7 800 A
430 1 6 800 B
431 0 8 800 A
432 1 3 800 A
433 0 4 800 A
434 0 7 800 B
435 3 8 800 B
436 1 5 800 B
437 1 1 800 B
438 0 3 800 A
439 1 4 800 B
440 0 2 800 A
441 1 2 800 A
442 0 3 800 A
443 1 8 800 B
444 0 3 800 A
445 0 8 800 B
446 0 10 800 A
447 0 1 800 A
448 2 7 800 B
449 2 3 800 B
450 0 8 800 B
451 0 4 800 A
452 1 7 800 B
453 1 8 800 B
454 2 7 800 A
455 1 9 800 A
456 0 9 800 A
457 0 2 800 A
458 0 2 800 B
459 0 9 800 B
460 1 9 800 A
461 1 7 800 A
462 0 7 800 B
463 1 8 800 B
464 1 6 800 B
465 1 3 800 A
466 1 3 800 A
467 1 9 800 B
468 0 7 800 A
469 0 8 800 A
470 0 5 800 B
471 4 3 800 B
472 1 10 800 B
473 1 5 800 B
474 0 3 800 B
475 1 7 800 A
476 0 5 800 B
477 1 1 800 A
478 0 5 800 A
479 0 3 800 A
480 0 8 800 B
481 2 10 800 B
482 1 1 800 A
483 2 5 800 A
484 0 2 800 A
485 1 7 800 A
486 0 6 800 A
487 3 5 800 B
488 0 6 800 B
489 0 6 800 B
490 0 2 800 B
491 0 9 800 B
492 1 4 800 A
493 2 8 800 B
494 0 5 800 A
495 0 9 800 B
496 2 1 800 B
497 1 3 800 B
498 1 2 800 B
499 1 3 800 B
500 0 10 800 A
