1 44 32 7 A
2 85 39 7 B
3 126 48 7 A
4 50 67 7 B
5 218 142 7 A
6 59 48 7 A
7 167 69 7 B
8 121 66 7 A
9 110 120 7 A
10 1 132 7 A
11 67 148 7 A
12 49 15 7 B
13 4 3 7 B
14 78 184 7 A
15 421 33 7 B
16 546 124 7 A
17 91 54 7 A
18 185 62 7 B
19 163 6 7 A
20 15 96 7 B
21 46 86 7 B
22 377 46 7 B
23 278 62 7 B
24 415 3 7 B
25 293 148 7 A
26 263 6 7 A
27 109 18 7 B
28 170 85 7 B
29 136 83 7 B
30 49 44 7 B
31 172 20 7 B
32 41 20 7 B
33 331 27 7 B
34 198 46 7 B
35 317 76 7 A
36 258 138 7 A
37 56 28 7 B
38 49 54 7 B
39 17 142 7 A
40 81 1 7 B
41 164 76 7 A
42 55 33 7 B
43 5 138 7 A
44 37 39 7 B
45 630 118 7 A
46 17 34 7 A
47 49 33 7 B
48 165 96 7 B
49 34 188 7 A
50 133 62 7 A
51 45 96 7 A
52 301 67 7 B
53 186 38 7 A
54 3 96 7 B
55 3 142 7 A
56 183 68 7 A
57 383 136 7 A
58 227 92 7 B
59 65 196 7 A
60 40 10 7 B
61 253 8 7 B
62 50 50 7 B
63 50 81 7 B
64 208 79 7 B
65 112 52 7 A
66 79 200 7 A
67 63 148 7 A
68 83 45 7 B
69 205 152 7 A
70 30 58 7 B
71 42 44 7 B
72 243 11 7 B
73 5 198 7 A
74 592 95 7 B
75 393 198 7 A
76 46 10 7 B
77 92 12 7 A
78 196 67 7 B
79 271 48 7 A
80 23 71 7 B
81 143 82 7 B
82 402 102 7 A
83 211 11 7 B
84 135 164 7 A
85 419 69 7 B
86 274 10 7 A
87 103 62 7 A
88 181 78 7 A
89 216 33 7 B
90 127 36 7 A
91 305 54 7 B
92 61 68 7 A
93 274 91 7 B
94 64 114 7 A
95 29 192 7 A
96 174 60 7 A
97 93 20 7 B
98 42 63 7 B
99 497 176 7 A
100 133 162 7 A
