1 0.628712 79 600 B
2 3.13233 26 600 A
3 0.170257 36 600 A
4 0.59991 25 600 B
5 1.33031 34 600 B
6 0.0358747 39 600 B
7 0.718466 30 600 A
8 0.425467 32 600 B
9 2.68983 70 600 B
10 0.733569 22 600 B
11 1.94107 4 600 B
12 1.43209 124 600 A
13 0.16233 81 600 B
14 0.318186 38 600 B
15 0.338566 100 600 A
16 1.93767 88 600 A
17 0.879811 98 600 A
18 0.33196 69 600 B
19 0.606058 154 600 A
20 2.49961 44 600 B
21 0.15167 8 600 A
22 2.05277 34 600 A
23 2.49731 64 600 B
24 2.90222 140 600 A
25 0.778765 36 600 B
26 3.3521 80 600 A
27 1.75429 98 600 A
28 0.166722 188 600 A
29 1.70935 102 600 A
30 6.49092 44 600 A
31 0.282249 166 600 A
32 4.85043 146 600 A
33 0.500451 112 600 A
34 1.42701 32 600 B
35 0.212589 23 600 B
36 0.636994 35 600 B
37 1.32266 37 600 B
38 2.54116 108 600 A
39 5.48417 136 600 A
40 0.0907828 142 600 A
41 0.341836 148 600 A
42 0.462458 58 600 A
43 1.39893 42 600 A
44 3.70382 86 600 B
45 1.85778 6 600 B
46 0.721106 66 600 A
47 0.0732737 45 600 B
48 5.20737 70 600 A
49 1.92443 158 600 A
50 1.06027 108 600 A
51 0.494839 44 600 B
52 2.0361 54 600 A
53 1.6244 41 600 B
54 0.426551 95 600 B
55 0.257064 158 600 A
56 1.73968 32 600 A
57 1.40542 2 600 A
58 1.55439 76 600 A
59 2.48869 76 600 B
60 1.20083 58 600 A
61 1.94127 45 600 B
62 2.01132 29 600 B
63 0.114613 148 600 A
64 4.14748 85 600 B
65 0.255613 14 600 A
66 1.77332 65 600 B
67 1.84736 64 600 A
68 0.192705 60 600 B
69 1.19034 98 600 A
70 0.756344 6 600 A
71 0.813053 150 600 A
72 3.15259 97 600 B
73 3.44078 112 600 A
74 3.28682 90 600 B
75 2.01785 5 600 B
76 0.969525 152 600 A
77 0.493462 30 600 B
78 3.15453 59 600 B
79 0.155106 18 600 A
80 3.81377 96 600 B
81 0.0558208 6 600 A
82 5.42473 74 600 A
83 1.18408 50 600 A
84 4.4159 31 600 B
85 0.647461 68 600 B
86 3.76162 166 600 A
87 3.7376 75 600 B
88 5.9055 6 600 B
89 2.92624 188 600 A
90 7.20328 180 600 A
91 0.42999 48 600 A
92 1.42069 168 600 A
93 0.166197 12 600 A
94 0.266605 188 600 A
95 1.30833 186 600 A
96 1.92028 54 600 B
97 0.735975 38 600 B
98 0.422561 84 600 A
99 3.06862 186 600 A
100 1.35177 28 600 A
